CACHE type 5 produced by analog 6.0/Unix. Do not modify or delete!
T	0	0	6	4	0	0	538962
D	25440251	25452255
17666	242	2	2	62082
17675	50	3	1	467863
17675	51	1	1	9017
1	3	3	0	0	25452255	0	0	25440251	0	0	49076	/
1	1	0	0	0	25452254	0	0	25452254	0	0	181881	/pluginfile.php/1/theme_roshnilite/slideimage1/1526282596/Untitled-1.jpg
1	1	0	0	0	25452254	0	0	25452254	0	0	276964	/pluginfile.php/1/theme_roshnilite/favicon/1526282596/university_cap_icon-icons.com_66109.png
1	1	1	0	0	25440251	0	0	25440251	0	0	31041	/?103.15.226.60
3	2	0	0	0	25452254	0	0	25452254	0	0	458845	https://cs-learning.ml/
4	4	2	0	0	25452255	0	0	25452254	0	0	476880	Mozilla/5.0 (Windows NT 6.3; Win64; x64) AppleWebKit/537.36 (KHTML, like Gecko) Chrome/66.0.3359.139 Safari/537.36
4	2	2	0	0	25440251	0	0	25440251	0	0	62082	Softaculous
5	4	2	0	0	25452255	0	0	25452254	0	0	476880	180.246.0.42
5	2	2	0	0	25440251	0	0	25440251	0	0	62082	103.15.226.60
z	4	2	2	25452255	18035
z	5	2	2	25440251	62082
z	6	2	0	25452254	458845
c	200	6	25452255
