2147483647C
0 0
3893 1
16282 1
14557 1
14111 1
13729 1
14446 1
14238 1
14413 1
14544 1
14100 1
13723 1
14101 1
13912 1
14453 1
14517 1
14085 1
13761 1
14274 1
13940 1
14440 1
14574 1
14110 1
13770 1
14259 1
14038 1
18235 1
14814 1
14066 1
13783 1
14632 1
14060 1
14407 1
14582 1
14076 1
13953 1
14068 1
13757 1
15304 1
14948 1
14966 1
13980 1
14310 1
14124 1
14404 1
14585 1
14252 1
13774 1
14073 1
13779 1
14946 1
14937 1
14081 1
13726 1
14430 1
14047 1
14433 1
14722 1
14435 1
13761 1
14058 1
13666 1
15395 1
14973 1
14747 1
14002 1
14308 1
14137 1
14526 1
14553 1
14103 1
13765 1
14072 1
13763 1
15154 1
14586 1
14042 1
13718 1
14439 1
14251 1
14402 1
14777 1
14090 1
13746 1
14105 1
13928 1
15368 1
14965 1
14771 1
14012 1
14531 1
14125 1
14408 1
14876 1
14076 1
13924 1
14084 1
13751 1
14993 1
14572 1
14244 1
13818 1
14450 1
14042 1
14421 1
14910 1
14089 1
13737 1
14096 1
13737 1
15512 1
14945 1
14781 1
13978 1
14342 1
14314 1
14411 1
14556 1
14088 1
13731 1
14095 1
13926 1
15005 1
14540 1
14091 1
13785 1
14566 1
14018 1
14421 1
14744 1
14067 1
13713 1
14254 1
13711 1
15325 1
14914 1
14775 1
14134 1
14313 1
14106 1
14409 1
14565 1
14075 1
13930 1
14053 1
13756 1
14954 1
14557 1
14078 1
13977 1
14395 1
14066 1
14420 1
14713 1
14112 1
13927 1
14098 1
13755 1
15348 1
14977 1
14946 1
14008 1
14322 1
14131 1
14404 1
14768 1
14095 1
13728 1
14076 1
13732 1
15189 1
14551 1
14086 1
13779 1
14447 1
14191 1
14407 1
14533 1
14058 1
13709 1
14245 1
13709 1
15323 1
15086 1
14764 1
13948 1
14565 1
14102 1
14389 1
14558 1
14067 1
13894 1
14065 1
13817 1
14979 1
14520 1
14079 1
13901 1
14416 1
14087 1
14395 1
14566 1
14251 1
13717 1
14105 1
13751 1
15340 1
14933 1
14974 1
13980 1
14978 1
14119 1
14411 1
14960 1
14096 1
13754 1
14071 1
13735 1
15176 1
14562 1
14109 1
13753 1
14387 1
14061 1
14647 1
14529 1
14420 1
13715 1
14070 1
13899 1
15323 1
14931 1
14741 1
13991 1
14475 1
14102 1
14384 1
14600 1
14075 1
13931 1
14051 1
13755 1
14966 1
14736 1
14045 1
13940 1
14414 1
14018 1
14456 1
14530 1
14073 1
13930 1
14050 1
13754 1
15224 1
14976 1
14675 1
14201 1
14318 1
14076 1
14439 1
14852 1
14108 1
13940 1
14091 1
13739 1
15009 1
14560 1
14183 1
13673 1
14339 1
13948 1
14387 1
14841 1
13965 1
13666 1
13969 1
13667 1
15480 1
15111 1
14688 1
13885 1
14241 1
14005 1
14525 1
14490 1
13972 1
13666 1
13965 1
13739 1
15195 1
14741 1
14074 1
13763 1
14442 1
14240 1
14386 1
14613 1
14059 1
13776 1
14254 1
13730 1
15339 1
15130 1
14798 1
13991 1
14525 1
14139 1
14438 1
14561 1
14098 1
13944 1
14091 1
13738 1
15012 1
14552 1
14101 1
13965 1
14417 1
14064 1
14389 1
14618 1
14267 1
13777 1
14093 1
13769 1
15295 1
15000 1
15035 1
13994 1
14314 1
14126 1
14411 1
14946 1
14094 1
13729 1
14112 1
13738 1
15193 1
14550 1
14096 1
13775 1
14401 1
14238 1
14393 1
14581 1
14115 1
13769 1
14066 1
13955 1
15292 1
14958 1
14754 1
13997 1
14481 1
14080 1
14421 1
14726 1
14096 1
13757 1
14283 1
13748 1
15013 1
14541 1
14094 1
13742 1
14616 1
14056 1
14416 1
14525 1
14120 1
13921 1
14087 1
13730 1
15385 1
15176 1
14934 1
14016 1
14312 1
14188 1
14399 1
14588 1
14272 1
13728 1
14077 1
13718 1
15012 1
14725 1
14268 1
13778 1
14410 1
14052 1
14406 1
14717 1
14431 1
13772 1
14082 1
13738 1
15472 1
14985 1
14791 1
13987 1
14341 1
14314 1
14402 1
14578 1
14105 1
13726 1
14096 1
14119 1
14983 1
14564 1
14090 1
13751 1
14439 1
14240 1
14399 1
14756 1
14071 1
13811 1
14096 1
13924 1
15337 1
14940 1
14799 1
13976 1
14323 1
14302 1
14391 1
14882 1
14060 1
13770 1
14060 1
13942 1
14974 1
14590 1
14095 1
13738 1
14444 1
14205 1
14416 1
14767 1
14077 1
13779 1
14302 1
13717 1
15331 1
14931 1
14777 1
13980 1
14513 1
14115 1
14402 1
14589 1
14074 1
13770 1
14273 1
13733 1
14969 1
14545 1
14098 1
13737 1
14618 1
14017 1
14403 1
14532 1
14079 1
13748 1
14287 1
13794 1
15286 1
15134 1
14762 1
14180 1
14253 1
14082 1
14373 1
15221 1
14472 1
14098 1
13620 1
13983 1
14189 1
14656 1
14421 1
14128 1
13979 1
14199 1
13957 1
14302 1
14633 1
13940 1
13563 1
13994 1
14235 1
15446 1
15347 1
14220 1
13911 1
14320 1
13930 1
14495 1
14457 1
13951 1
13642 1
13957 1
13657 1
15385 1
14851 1
14660 1
13900 1
14232 1
14171 1
14273 1
14437 1
13949 1
13649 1
14010 1
13801 1
14877 1
14639 1
13978 1
13620 1
14328 1
14128 1
14320 1
14470 1
13974 1
13627 1
14166 1
13636 1
15256 1
14869 1
14660 1
13905 1
